   1.0000000000000002E-002
 -3.988933264549E-18 -4.599809390801E-20 -1.798287905968E-08  4.123386625216E-10 -1.688971257479E-09 -9.692084557523E-10 -5.052495441912E-10  3.379729550029E-10  1.358660101964E-11  5.770932683387E-09 -2.550439546677E-08 -3.432201409558E-10
 -4.599809390801E-20 -4.631589807656E-20 -1.949568162719E-11  1.093642260396E-09  3.365593963676E-09 -4.745848156173E-09 -1.567091576707E-09 -2.269594016269E-09  1.671142028940E-11  4.825831545813E-09 -1.555114669348E-08 -2.382997009171E-10
 -1.798287905968E-08 -1.949568162719E-11 -1.100859732430E+02  5.070288633384E-11 -5.211384570939E-09  8.273141424078E-09  1.701309781058E-09  2.033689537866E-09 -2.056281758182E-08  2.739665571827E-08  4.023577220034E-08 -1.133276087581E-09
  4.123386625216E-10  1.093642260396E-09  5.070398549855E-11 -1.100859732431E+02  1.467907856190E-08 -3.956162888629E-09 -1.881012156085E-09 -6.746410689181E-09  8.272818452428E-11 -1.725083165641E-08 -1.474225952719E-08  1.089065326708E-10
 -1.688971257479E-09  3.365593963676E-09 -5.211320910693E-09  1.467907894521E-08 -6.882818805118E+03  5.944942317439E-10  6.329761843441E-09  1.159030778504E-08 -1.456092963183E-08  4.777560662772E-08  8.516562350602E-08 -6.048119542464E-10
 -9.692084557523E-10 -4.745848156173E-09  8.273143769512E-09 -3.956159213174E-09  5.945537225090E-10 -6.882818805119E+03 -1.085268810369E-08  6.718459310065E-09 -9.714007292143E-11 -4.066086372088E-09  3.223889453567E-09  8.284317232295E-10
 -5.052495441911E-10 -1.567091576707E-09  1.701302050474E-09 -1.881001495795E-09  6.330526308230E-09 -1.085271816329E-08 -1.291835910171E+04 -2.154735415432E+00  2.811393313047E+02  4.299424085836E-08  8.562692049931E-08 -3.349885835301E-09
  3.379729550029E-10 -2.269594016269E-09  2.033717216751E-09 -6.746417360910E-09  1.159037400330E-08  6.718029189529E-09 -2.154735415432E+00 -1.292371903427E+04 -9.900432898265E+01 -1.908464924523E-08 -2.191587355058E-08  1.779052000964E-09
  1.358660101964E-11  1.671142028940E-11 -2.056281624458E-08  8.272801714946E-11 -1.456091857374E-08 -9.714609845117E-11  2.811393313047E+02 -9.900432898265E+01 -6.877529779462E+00  4.823228780958E-08  2.540449923415E-08 -7.771468715529E-10
  5.770932683387E-09  4.825831545813E-09  2.739664884439E-08 -1.725163771966E-08  4.777826783319E-08 -4.064011141367E-09  4.300673669268E-08 -1.908666571261E-08  4.823206291053E-08 -8.642051383934E+06 -1.618146611198E+03  1.918864287140E+05
 -2.550439546677E-08 -1.555114669348E-08  4.023571249701E-08 -1.474156696509E-08  8.515713539216E-08  3.227943300313E-09  8.561410413594E-08 -2.191025198685E-08  2.540457299211E-08 -1.618146611198E+03 -8.645697779898E+06 -7.287181213059E+04
 -3.432201409558E-10 -2.382997009171E-10 -1.133261901699E-09  1.089130412334E-10 -6.050059875536E-10  8.283935902033E-10 -3.350521138700E-09  1.779036704784E-09 -7.771487611345E-10  1.918864287140E+05 -7.287181213059E+04 -4.875427914541E+03
   1.9443271528926904E-002
 -1.318629179808E-18 -1.644930744340E-20 -3.126057982181E-09 -1.401861748175E-11 -3.185981744555E-10  3.226678721490E-10 -2.958660234490E-10  2.884272456630E-10  1.007433530048E-11 -1.907621550754E-09 -3.992785394676E-10 -6.776508244754E-10
 -1.644930744340E-20 -3.269352577915E-21 -2.030242539469E-11 -6.282729410662E-12  1.814104797494E-09 -6.273102414696E-10 -2.089532379028E-10  2.574219460127E-11  1.038279957518E-11 -3.735779252466E-11  7.987764978286E-10 -3.102102965466E-10
 -3.126057982181E-09 -2.030242539469E-11 -1.010915244972E+01 -1.413579410420E-11 -1.876152484545E-09  9.055998491214E-10  1.689413290113E-10  6.570769820599E-11 -3.600007574678E-09 -2.347992778678E-10 -1.123456814911E-09  2.183395939336E-10
 -1.401861748175E-11 -6.282729410662E-12 -1.413539556911E-11 -1.010915244972E+01  3.702781565088E-09 -5.347862095186E-10  4.721316280817E-10 -1.003376262594E-09  1.289010765708E-11  3.158626846828E-09  1.677104374226E-09  7.390555928766E-10
 -3.185981744555E-10  1.814104797494E-09 -1.876150668267E-09  3.702782750042E-09 -2.881600386182E+03 -1.464199945563E-10  3.667366494243E-11  2.754813660813E-09 -3.457590313920E-09  7.914635977204E-10 -1.937033873051E-10  1.429512828176E-09
  3.226678721490E-10 -6.273102414696E-10  9.055980279705E-10 -5.347849152751E-10 -1.464284403444E-10 -2.881600386181E+03 -2.356085443097E-09  4.655659819191E-10  2.800126988329E-10  5.488260306367E-10  1.543963886001E-09 -5.351919772074E-10
 -2.958660234490E-10 -2.089532379028E-10  1.689419455819E-10  4.721312485879E-10  3.666867534106E-11 -2.356086198677E-09 -2.722506060108E+02  2.596405180366E-01  1.413915737623E+01  1.321658916831E-09 -2.214135588299E-09  8.010802469499E-10
  2.884272456630E-10  2.574219460127E-11  6.570721204368E-11 -1.003375490828E-09  2.754794259283E-09  4.654945804444E-10  2.596405180366E-01 -2.728933873902E+02  4.997713669097E+00 -2.514246268621E-09 -4.685148215402E-10 -1.033411458142E-09
  1.007433530048E-11  1.038279957518E-11 -3.600007681834E-09  1.289013218742E-11 -3.457586245465E-09  2.800146154970E-10  1.413915737623E+01  4.997713669097E+00 -8.263296534588E-01  6.205518502278E-09  8.776605317206E-09 -5.158407639462E-10
 -1.907621550754E-09 -3.735779252466E-11 -2.348047894140E-10  3.158625840319E-09  7.915763272043E-10  5.487608260827E-10  1.321549102048E-09 -2.514179586402E-09  6.205512862678E-09 -3.114256927171E+04 -4.364575026344E+03 -1.185577166044E+04
 -3.992785394676E-10  7.987764978286E-10 -1.123462880342E-09  1.677113363249E-09 -1.936913966690E-10  1.544095389145E-09 -2.214122278588E-09 -4.684291080830E-10  8.776607675364E-09 -4.364575026344E+03 -3.255076627848E+04  1.009646388552E+04
 -6.776508244754E-10 -3.102102965466E-10  2.183377615195E-10  7.390540399389E-10  1.429447921747E-09 -5.351964408749E-10  8.009704165308E-10 -1.033365904271E-09 -5.158376742829E-10 -1.185577166044E+04  1.009646388552E+04 -8.842006528625E+03
   3.3496876058652481E-002
 -5.068884190274E-19  5.167563271898E-21 -1.473129341731E-09  1.159333391875E-11  4.260954860746E-11  2.417538807376E-11  1.327593353567E-10  2.559585016009E-10  2.576471700278E-12 -1.078987360144E-10  2.835495221817E-11 -8.149788886079E-11
  5.167563271898E-21 -1.153958182125E-21  2.974106489369E-11  1.764508214510E-11  2.732866672328E-10 -2.069324493566E-10  3.869135944065E-10  1.633416157161E-10  4.673214076635E-12  1.010745667419E-11  8.082431277365E-11 -3.329610163927E-11
 -1.473129341731E-09  2.974106489369E-11 -5.778454930491E+00 -1.991262437719E-12 -4.465220831972E-10  4.522454700582E-10 -1.618393973395E-10 -2.119207392626E-10 -1.687646425555E-09  1.737168835017E-11 -8.362112851724E-11  3.484059260962E-11
  1.159333391875E-11  1.764508214510E-11 -1.991310396360E-12 -5.778454930489E+00  5.403348172256E-10 -1.371033004024E-10  3.062984485381E-11 -1.388494449057E-10  4.805513996583E-12  1.659101592422E-10  1.415888617132E-10  3.923121402686E-11
  4.260954860746E-11  2.732866672328E-10 -4.465228801787E-10  5.403345684802E-10 -3.291828936013E+02  5.721072586822E-11 -3.048225232851E-10 -3.869443176041E-10 -4.532648225378E-10 -6.283183982130E-11 -7.302610425167E-11  7.209581657903E-11
  2.417538807376E-11 -2.069324493566E-10  4.522460780035E-10 -1.371016769949E-10  5.721658992718E-11 -3.291828936013E+02  5.216891383047E-10 -2.493589365642E-10 -9.874435147348E-11  6.897199733690E-11 -3.909067125333E-11  1.138563222495E-11
  1.327593353567E-10  3.869135944065E-10 -1.618444729428E-10  3.063091473109E-11 -3.048338610621E-10  5.216952342633E-10 -1.552920696421E+03  7.575700556656E-02 -1.556531364609E+01 -2.133255512489E-11  2.376155724022E-10  5.692352125709E-10
  2.559585016009E-10  1.633416157161E-10 -2.119196681470E-10 -1.388510404489E-10 -3.869302981976E-10 -2.493451033681E-10  7.575700556658E-02 -1.553039930322E+03 -7.557948254817E+00 -3.780812142374E-10 -7.327355913848E-11  2.738883390942E-10
  2.576471700278E-12  4.673214076635E-12 -1.687646378874E-09  4.805531303760E-12 -4.532649044204E-10 -9.874421581353E-11 -1.556531364609E+01 -7.557948254817E+00 -1.928035756506E-01  2.259323785985E-10  2.688767739101E-10  1.902873841985E-11
 -1.078987360144E-10  1.010745667419E-11  1.737152114418E-11  1.659105592604E-10 -6.282251226068E-11  6.896397648256E-11 -2.137335135674E-11 -3.780473038953E-10  2.259325168477E-10 -3.807634159203E+02 -9.428843824499E+01 -1.923077759791E+02
  2.835495221817E-11  8.082431277365E-11 -8.362067418936E-11  1.415882225590E-10 -7.301816817658E-11 -3.909936112654E-11  2.376195518835E-10 -7.323740120354E-11  2.688765494738E-10 -9.428843824499E+01 -4.274451018988E+02  1.505071866632E+02
 -8.149788886079E-11 -3.329610163927E-11  3.484044338780E-11  3.923087651843E-11  7.208878151386E-11  1.138564696916E-11  5.692563838560E-10  2.738881609544E-10  1.902836874876E-11 -1.923077759791E+02  1.505071866632E+02 -1.942689325458E+02
   5.3077325571263219E-002
 -2.177982349360E-19  6.243879937662E-21 -4.444278739512E-10 -1.128022101737E-11 -2.849533551971E-12 -9.152299842963E-13  8.666497430440E-11  1.857435092425E-10  8.002680994424E-12  1.029681251863E-09 -2.756984632283E-10 -7.015269264264E-11
  6.243879937662E-21 -2.240380681692E-21  2.159005066775E-11 -1.618893615606E-11 -4.891219576023E-12 -4.067644605814E-13  3.958965956545E-11  8.813071581217E-12  9.643776899995E-12  1.245906540439E-09 -3.033165249665E-10 -8.372629719222E-11
 -4.444278739512E-10  2.159005066775E-11 -1.247057636492E+00  1.194241577595E-12  6.586916324979E-12 -1.934068100695E-11 -3.520724603737E-11 -1.755177747583E-12 -5.220961080531E-10 -9.754438804563E-10  1.852186700531E-10  6.745325387071E-11
 -1.128022101737E-11 -1.618893615606E-11  1.194276108637E-12 -1.247057636491E+00  5.054939463062E-12  2.346584031719E-11 -1.598481937637E-10 -4.871910993345E-10  7.299715370141E-13 -7.563130182745E-10  4.333703531020E-11  4.429675757568E-11
 -2.849533551971E-12 -4.891219576023E-12  6.586925484329E-12  5.054936729716E-12 -4.592366802027E-02 -1.738191634662E-13 -3.182524369865E-11 -1.937651657252E-11 -6.329097293570E-12 -8.241315478740E-10  1.762376769045E-10  5.401125857179E-11
 -9.152299842963E-13 -4.067644605814E-13 -1.934068881061E-11  2.346585030450E-11 -1.738194222595E-13 -4.592366801976E-02  1.268580657205E-10 -5.633901253131E-12  3.434987607855E-11  1.352836525203E-09 -4.395002234152E-10 -9.471625130669E-11
  8.666497430440E-11  3.958965956545E-11 -3.520750600950E-11 -1.598481346273E-10 -3.182529113346E-11  1.268580709014E-10 -1.555935624751E+01 -3.179909654638E-01 -4.037883913322E+00  2.418145441170E-11 -1.920965070885E-11  4.587697600209E-11
  1.857435092425E-10  8.813071581217E-12 -1.755198438457E-12 -4.871909413630E-10 -1.937652590110E-11 -5.633949030665E-12 -3.179909654638E-01 -1.651784376831E+01  1.217776141807E+00 -3.806206031102E-09  8.727196416468E-10  2.679881424902E-10
  8.002680994424E-12  9.643776899995E-12 -5.220960819833E-10  7.299785333742E-13 -6.329104517370E-12  3.434987802859E-11 -4.037883913322E+00  1.217776141807E+00 -1.150291851653E+00  1.676432172807E-09  9.032810565749E-11 -8.218207238744E-11
  1.029681251863E-09  1.245906540439E-09 -9.754384718972E-10 -7.563125470146E-10 -8.241334621240E-10  1.352836423171E-09  2.416896366572E-11 -3.806218118309E-09  1.676450810073E-09 -5.760664851720E+04 -1.273562481285E+02  3.329995459236E+03
 -2.756984632283E-10 -3.033165249665E-10  1.852216079634E-10  4.333676220841E-11  1.762390861778E-10 -4.394998905260E-10 -1.923524587676E-11  8.727033981655E-10  9.032679649144E-11 -1.273562481285E+02 -5.771528517364E+04 -2.199958300166E+03
 -7.015269264264E-11 -8.372629719222E-11  6.745335033547E-11  4.429681333024E-11  5.401122732042E-11 -9.471620854860E-11  4.587485803002E-11  2.679905918206E-10 -8.218212443224E-11  3.329995459236E+03 -2.199958300166E+03 -2.769122223226E+02
   7.9101132048845599E-002
 -2.262074094244E-20  6.660684517652E-22 -1.101599443010E-10  1.471448157143E-13  1.542110356391E-11 -1.079388587347E-12  6.403580377396E-12  4.290680954812E-12 -5.331175454513E-14  1.206599699932E-10 -1.444887468638E-10 -2.164887446001E-11
  6.660684517652E-22 -2.165649561052E-22  5.449711552419E-12  4.176451325744E-14  2.801002688780E-11 -1.636411114462E-11  1.506659093291E-11  1.109651209064E-11 -1.140928983716E-13 -2.996473000228E-12 -1.783640268364E-10 -6.753629778644E-12
 -1.101599443010E-10  5.449711552419E-12 -7.361038068447E-01  2.194402945571E-13 -2.708789144117E-11  1.742778248376E-11 -1.421568837805E-11 -1.337866375924E-11 -1.263253248351E-10  1.109573060191E-10  1.705137462339E-10 -8.303507880541E-12
  1.471448157143E-13  4.176451325744E-14  2.194431773576E-13 -7.361038068435E-01 -2.031497465794E-11 -1.044825185538E-11  1.575045619493E-12  1.796678672022E-11  5.959551938204E-13 -9.962227883149E-11 -5.330221644421E-11  9.928038769540E-12
  1.542110356391E-11  2.801002688780E-11 -2.708780905131E-11 -2.031502984810E-11 -1.541781388179E+01  6.226503344647E-13  1.403301971207E-11  2.535192449681E-11 -2.001589955621E-11 -9.230175967024E-11  3.055249832438E-10  2.651748695983E-11
 -1.079388587347E-12 -1.636411114462E-11  1.742786081316E-11 -1.044804418536E-11  6.226557222390E-13 -1.541781388179E+01  3.767727821042E-11 -1.641154301761E-11 -1.061415090273E-11  1.494765221468E-10  1.318920091993E-10 -8.897819022962E-12
  6.403580377396E-12  1.506659093291E-11 -1.421564840788E-11  1.575064540771E-12  1.403323538813E-11  3.767725357235E-11 -2.236252554228E+01 -4.030767004880E-03  3.558525660992E-01 -4.260854930711E-11  8.692256468325E-11  4.462911897579E-11
  4.290680954812E-12  1.109651209064E-11 -1.337870170766E-11  1.796661549919E-11  2.535188800642E-11 -1.641155797207E-11 -4.030767004881E-03 -2.236532011375E+01 -2.532694022301E-01 -3.595983511513E-10 -3.363661930982E-10  2.302168679831E-11
 -5.331175454513E-14 -1.140928983716E-13 -1.263253230102E-10  5.959547632632E-13 -2.001591787609E-11 -1.061415325292E-11  3.558525660992E-01 -2.532694022301E-01 -8.532172077008E-03  1.165543984725E-10 -6.165398297936E-11 -1.847747837012E-11
  1.206599699932E-10 -2.996473000228E-12  1.109585685580E-10 -9.962274554359E-11 -9.229809803128E-11  1.494807737330E-10 -4.261186677408E-11 -3.596054225114E-10  1.165544873724E-10 -1.018815447354E+04 -5.357382974236E+01  1.336926897305E+03
 -1.444887468638E-10 -1.783640268364E-10  1.705140924582E-10 -5.330242074606E-11  3.055222592408E-10  1.319091847615E-10  8.692959892790E-11 -3.363646470467E-10 -6.165397719896E-11 -5.357382974236E+01 -1.034753876897E+04 -4.076089627352E+02
 -2.164887446001E-11 -6.753629778644E-12 -8.303471283705E-12  9.928022694084E-12  2.651874154792E-11 -8.898765582577E-12  4.462521062958E-11  2.302201838472E-11 -1.847746366383E-11  1.336926897305E+03 -4.076089627352E+02 -1.920520100523E+02
  0.11248480747348612     
 -1.616832748440E-19  2.874043554731E-21 -2.123872568157E-10 -1.115249468196E-12  9.035353481412E-12  1.882341717271E-12  1.952067076035E-11 -7.265988772405E-11 -8.260870084831E-13  6.390898740145E-11 -8.995812621072E-12 -3.998376185708E-12
  2.874043554731E-21 -1.423259419808E-21  4.731473698828E-12 -8.657941579713E-12  7.243509303226E-12 -8.845553645817E-13 -2.038284101749E-11  3.931811770908E-12 -1.277667809630E-12 -1.260094146920E-11  1.022530236955E-11  7.509890989238E-13
 -2.123872568157E-10  4.731473698828E-12 -3.814640429329E-01  4.633799161327E-13 -6.196659018531E-12 -2.478347556551E-11  1.146846022520E-12 -2.304910290766E-12 -2.429196415466E-10 -2.439547387953E-11  6.787712752234E-12  6.855500478383E-12
 -1.115249468196E-12 -8.657941579713E-12  4.633845066970E-13 -3.814640429336E-01 -3.767021969490E-11  3.417058418824E-12 -6.357595412826E-11  1.850731425090E-10  1.103855297049E-12 -7.529290460199E-11 -7.691403620285E-12  4.152979352379E-12
  9.035353481412E-12  7.243509303226E-12 -6.196732414686E-12 -3.767021861137E-11 -1.467000523419E+00 -7.776357842503E-13 -1.518209130710E-12 -9.267067807695E-12  7.068508836633E-12 -4.832120400712E-11  4.221180066018E-11  1.361456463864E-11
  1.882341717271E-12 -8.845553645817E-13 -2.478347355211E-11  3.417154750010E-12 -7.776376082422E-13 -1.467000523417E+00 -9.359126623885E-11  1.388451630287E-11 -8.457549755599E-12  1.006092819539E-11  7.354569320170E-12 -5.698497722940E-13
  1.952067076035E-11 -2.038284101749E-11  1.146908075271E-12 -6.357597296447E-11 -1.517986509128E-12 -9.359133402459E-11 -4.401729616942E+01  8.952552314643E-02 -3.009110230929E+00 -9.747119019322E-11 -2.081962201091E-10 -3.884985914866E-11
 -7.265988772405E-11  3.931811770908E-12 -2.305096237062E-12  1.850731490057E-10 -9.266941212148E-12  1.388484492526E-11  8.952552314643E-02 -4.418425952204E+01 -1.308422144326E+00 -2.412415468595E-10  3.560252495557E-12  3.101023106823E-11
 -8.260870084831E-13 -1.277667809630E-12 -2.429196389005E-10  1.103857191906E-12  7.068492720269E-12 -8.457536235163E-12 -3.009110230929E+00 -1.308422144326E+00 -2.448183781829E-01  7.060492496300E-11 -7.541815001374E-11 -6.800729648159E-12
  6.390898740145E-11 -1.260094146920E-11 -2.439528961471E-11 -7.529290778790E-11 -4.832270190472E-11  1.006066865610E-11 -9.746171148051E-11 -2.412393313148E-10  7.060451545450E-11 -1.597892995149E+03  4.464343816254E-01  1.009625040819E+02
 -8.995812621072E-12  1.022530236955E-11  6.787434771106E-12 -7.691586962898E-12  4.221226392474E-11  7.352931346126E-12 -2.082019392118E-10  3.560109699211E-12 -7.541702709413E-11  4.464343816254E-01 -1.604241170977E+03  7.065399479822E+00
 -3.998376185708E-12  7.509890989238E-13  6.855501052724E-12  4.152945699011E-12  1.361458821710E-11 -5.698412735263E-13 -3.884989966033E-11  3.101002743499E-11 -6.800783699983E-12  1.009625040819E+02  7.065399479822E+00 -6.410659168725E+00
  0.15414486382727119     
 -2.015331922307E-20 -2.003284377712E-21 -2.152367153649E-11 -1.848704288028E-13 -2.628946408942E-13  1.050207425464E-12  1.135080999369E-11  1.668183179295E-11  1.578862871886E-13  8.666872135466E-11 -8.362712529210E-11 -1.918009509205E-11
 -2.003284377712E-21 -3.039915601918E-21 -2.948297892404E-12 -4.645023743701E-12  4.548470219018E-12 -2.765361432995E-13  3.063446067314E-11  7.995156388385E-12  6.915177584619E-13  3.255631528591E-11 -1.547023421599E-11 -5.430542276886E-12
 -2.152367153649E-11 -2.948297892404E-12 -3.519623034946E-02 -7.535592004341E-14 -3.081507314032E-13 -2.160569279304E-11 -1.124618601789E-11 -4.852315639976E-13 -2.544545023392E-11 -6.293237636122E-12  2.652163641136E-11  2.804890492043E-12
 -1.848704288028E-13 -4.645023743701E-12 -7.535561189461E-14 -3.519623034952E-02 -1.710370515069E-11 -1.717764999821E-12 -4.429891002012E-11 -3.849895150837E-11 -8.725326191629E-13 -4.697296582714E-11  7.468688489713E-11  1.352186154036E-11
 -2.628946408942E-13  4.548470219018E-12 -3.081473614944E-13 -1.710369813386E-11 -1.607827200640E+00 -2.796453352637E-13  2.198540928358E-11  1.542962150698E-10 -2.867137040601E-11  4.376826157954E-12  1.231016498313E-10  1.645345858372E-11
  1.050207425464E-12 -2.765361432995E-13 -2.160569111480E-11 -1.717775756220E-12 -2.796481599153E-13 -1.607827200641E+00  2.432382715391E-10 -1.457413524888E-11  4.007223122625E-12  1.071438770491E-10  2.066281492696E-11 -1.001667196477E-11
  1.135080999369E-11  3.063446067314E-11 -1.124617136376E-11 -4.429889439776E-11  2.198425324758E-11  2.432382526724E-10 -1.314136011947E+02 -2.302356345509E-02 -3.212093940286E+00 -3.683761946609E-11 -6.705934381215E-10 -4.561337616552E-11
  1.668183179295E-11  7.995156388385E-12 -4.853217991836E-13 -3.849883261904E-11  1.542960442294E-10 -1.457436962704E-11 -2.302356345509E-02 -1.314853659622E+02  9.418946029412E-01 -6.529299102740E-10 -2.644418503776E-11  9.508043810035E-11
  1.578862871886E-13  6.915177584619E-13 -2.544545198689E-11 -8.725320303326E-13 -2.867136193961E-11  4.007222773882E-12 -3.212093940286E+00  9.418946029412E-01 -8.526734285311E-02  1.126069956812E-10  5.821092080703E-11 -5.913005667054E-12
  8.666872135466E-11  3.255631528591E-11 -6.293684314596E-12 -4.697305212393E-11  4.373525879627E-12  1.071444089927E-10 -3.680752085034E-11 -6.529308536118E-10  1.126048022971E-10 -5.752005122898E+03 -7.203207189247E+01  6.472721791282E+02
 -8.362712529210E-11 -1.547023421599E-11  2.652181685296E-11  7.468691274177E-11  1.231035527133E-10  2.066502416391E-11 -6.705709780490E-10 -2.649416702946E-11  5.821118846178E-11 -7.203207189247E+01 -5.755380413777E+03 -6.322848116659E+02
 -1.918009509205E-11 -5.430542276886E-12  2.804937013604E-12  1.352185569008E-11  1.645391433567E-11 -1.001664098114E-11 -4.560483205741E-11  9.507374414536E-11 -5.912874621119E-12  6.472721791282E+02 -6.322848116659E+02 -1.441036783465E+02
  0.20499781309228740     
 -1.937735373939E-20  2.125426853584E-21  9.485097808093E-13 -9.804249459718E-15  2.584585150413E-12  4.026761496940E-13  6.411619232684E-12 -1.883213392974E-12  5.754536997043E-14 -1.421409108208E-13  2.437048687322E-12 -4.272325952979E-13
  2.125426853584E-21 -1.581377464330E-20 -3.717676607789E-13 -6.780159298152E-13  1.465422115577E-12  6.084459239232E-14  4.229166563083E-12 -5.424973818738E-13  6.527655922175E-14  1.416368263457E-12  2.390373803284E-12 -1.082588181511E-12
  9.485097808093E-13 -3.717676607789E-13 -1.645846197224E-04 -3.535236435946E-16  6.135473932816E-12 -2.713474773358E-11 -2.861965917155E-12  2.595097886348E-12  1.078377398376E-12 -3.802920351266E-12 -3.271602160830E-12  2.296922731882E-12
 -9.804249459718E-15 -6.780159298152E-13 -3.535185295838E-16 -1.645846197234E-04 -3.050948463420E-11  1.444441780366E-12 -1.446622543497E-11  5.378493323267E-12 -8.232164707922E-14 -7.336164153115E-13 -4.747398129794E-12  1.256649128627E-12
  2.584585150413E-12  1.465422115577E-12  6.135473094462E-12 -3.050948457433E-11 -4.902779681128E-01  3.018738714802E-13  1.529037261491E-11  1.244342805099E-10 -1.067580535634E-11 -1.439085968003E-12 -6.187204332328E-13  2.230332508545E-12
  4.026761496940E-13  6.084459239232E-14 -2.713474773912E-11  1.444442389730E-12  3.018853331069E-13 -4.902779681125E-01  1.158815785700E-10  3.932929362894E-12  2.910889892235E-12  4.421483851549E-12  7.286424847322E-13 -1.736580958066E-12
  6.411619232684E-12  4.229166563083E-12 -2.861966675132E-12 -1.446622583441E-11  1.529037026252E-11  1.158815661732E-10 -1.143552696886E+01  9.113953934571E-03 -2.334241391946E-01  4.262150543107E-12 -9.652992096336E-11  1.981333064626E-11
 -1.883213392974E-12 -5.424973818738E-13  2.595097585377E-12  5.378492386283E-12  1.244342755938E-10  3.932970928605E-12  9.113953934571E-03 -1.142289221842E+01 -4.458160256556E-01 -5.177207664828E-11  4.738594927078E-11  4.579502275249E-11
  5.754536997043E-14  6.527655922175E-14  1.078377338462E-12 -8.232171506556E-14 -1.067580018061E-11  2.910878175111E-12 -2.334241391946E-01 -4.458160256556E-01 -2.217867317816E-02  3.712805562235E-11 -5.471048352019E-11 -3.539410515260E-12
 -1.421409108209E-13  1.416368263457E-12 -3.802921373015E-12 -7.336172231096E-13 -1.439038715348E-12  4.421487985080E-12  4.262890681466E-12 -5.177200071077E-11  3.712801776186E-11 -4.111936627642E+01  3.375398178723E+00  1.686157939011E+01
  2.437048687322E-12  2.390373803284E-12 -3.271601648210E-12 -4.747399156343E-12 -6.187258461899E-13  7.284791610541E-13 -9.652975909795E-11  4.738681495171E-11 -5.471044600437E-11  3.375398178723E+00 -4.672648009300E+01  7.914241279457E+00
 -4.272325952979E-13 -1.082588181511E-12  2.296922766119E-12  1.256649028519E-12  2.230283666603E-12 -1.736539376713E-12  1.981335535386E-11  4.579561355406E-11 -3.539402755979E-12  1.686157939011E+01  7.914241279457E+00 -8.775703778718E+00
  0.26596016725062122     
 -5.896316065378E-20 -3.261196906859E-21 -1.373391030285E-11 -2.179471216979E-13  8.281178474503E-12  1.231384788132E-12  2.406531342103E-12 -1.482213476232E-12 -8.225371582450E-14  7.321505564827E-11 -7.584463371692E-11 -2.352344216738E-12
 -3.261196906859E-21 -7.523942372938E-20 -2.430060803994E-11 -3.783416929000E-11  1.024683019942E-11 -7.337776454332E-14 -1.611895570471E-12 -1.455646924876E-13 -1.584336173476E-13  6.550265534783E-11 -3.730148247094E-11 -1.541235132012E-12
 -1.373391030285E-11 -2.430060803994E-11 -1.077097814632E-01  1.915750086421E-14  5.392406677066E-11 -2.363414406925E-10  1.278307938479E-12  6.747776410359E-13 -1.679884567169E-11 -7.575485063790E-11  4.175313324018E-11  2.242462559953E-12
 -2.179471216979E-13 -3.783416929000E-11  1.915680300945E-14 -1.077097814632E-01 -2.383304828198E-10 -3.466171217711E-12 -7.725486003406E-12  3.614792889799E-12  1.034884572467E-13 -1.405799845518E-10  5.712678808458E-11  2.671982261430E-12
  8.281178474503E-12  1.024683019942E-11  5.392406825741E-11 -2.383304712517E-10 -5.970852730491E+00  2.698774194050E-14 -1.579089316427E-11  7.571615395887E-11 -1.323195088749E-10 -1.772436470728E-11  6.420578316635E-11  1.041611163605E-11
  1.231384788133E-12 -7.337776454331E-14 -2.363414556013E-10 -3.466251037537E-12  2.699576017105E-14 -5.970852730490E+00  1.231701530751E-10 -3.286458097706E-11 -1.433998047222E-12  1.270654945879E-10 -7.547762516766E-11 -2.838179644703E-12
  2.406531342103E-12 -1.611895570471E-12  1.278306849465E-12 -7.725480415814E-12 -1.579059733380E-11  1.231701624894E-10 -9.371598161088E-01  1.381449497791E-02 -7.364755938379E-02 -3.504350005035E-09 -7.496659882025E-09 -8.318178850723E-11
 -1.482213476232E-12 -1.455646924876E-13  6.747753277949E-13  3.614778645140E-12  7.571613249827E-11 -3.286477204170E-11  1.381449497791E-02 -9.112982017747E-01 -1.698136066838E-01 -5.442446926655E-09  3.825493266814E-09  1.445479657021E-10
 -8.225371582450E-14 -1.584336173476E-13 -1.679884561745E-11  1.034892913656E-13 -1.323194874364E-10 -1.433989027337E-12 -7.364755938379E-02 -1.698136066839E-01 -3.784420935801E-02 -8.456486310158E-11 -1.873315842971E-10 -1.007742784995E-12
  7.321505564827E-11  6.550265534783E-11 -7.575479678663E-11 -1.405799429247E-10 -1.772267982000E-11  1.270637095990E-10 -3.504351056138E-09 -5.442439163030E-09 -8.456499350592E-11 -1.997652647853E+04 -4.797451171240E+00  2.602096674534E+02
 -7.584463371692E-11 -3.730148247094E-11  4.175331327466E-11  5.712646508873E-11  6.422169914158E-11 -7.547068354433E-11 -7.496663156649E-09  3.825490752151E-09 -1.873301823720E-10 -4.797451171240E+00 -1.997312898707E+04 -3.681794217327E+02
 -2.352344216738E-12 -1.541235132012E-12  2.242433095137E-12  2.671981066367E-12  1.041600895264E-11 -2.838010197058E-12 -8.318179149940E-11  1.445480274346E-10 -1.007713360600E-12  2.602096674534E+02 -3.681794217327E+02 -1.017865900487E+01
  0.33794843828435900     
 -2.374334564363E-19  1.525435058330E-20  1.096686585613E-11 -4.905138718590E-14 -3.438711539439E-12 -7.884965607050E-13 -4.249160906685E-12 -1.910284587550E-12  7.395900577603E-14  5.347285243321E-11 -1.779240972035E-11 -4.348893772188E-13
  1.525435058330E-20 -3.043848888108E-19 -1.797359526169E-11 -2.632524228454E-11 -4.615517121750E-12 -8.560135689940E-13 -9.128298410523E-12  1.181100543967E-12  1.365142890269E-13  3.517195278590E-11  1.987120225385E-11 -3.608628615538E-13
  1.096686585613E-11 -1.797359526169E-11 -1.284509950386E-02 -8.196395610465E-15 -7.750209982260E-11  2.487253723168E-10  6.462398694751E-12 -1.248825609962E-12  1.166739367733E-11 -3.082864730604E-11  5.709646427689E-12  4.032118685430E-13
 -4.905138718590E-14 -2.632524228454E-11 -8.196789307560E-15 -1.284509950380E-02  2.365126387150E-10 -1.188642788726E-11  3.606092043826E-12  1.329880829535E-11 -1.084064656366E-13 -5.639341191860E-11  2.394091620746E-11  4.002039412404E-13
 -3.438711539439E-12 -4.615517121750E-12 -7.750209671500E-11  2.365126391648E-10 -2.315067486431E+00 -8.133762501900E-14 -1.568340321609E-10 -1.141310432453E-09  1.558448042418E-10 -1.467573373502E-11  2.182769473497E-13 -3.164640673681E-12
 -7.884965607050E-13 -8.560135689940E-13  2.487253731621E-10 -1.188643959916E-11 -8.135531898478E-14 -2.315067486430E+00 -9.699120415369E-10  7.467549605641E-12  8.233762003198E-12  7.762117704021E-11 -5.920667945566E-11 -9.821757465040E-13
 -4.249160906685E-12 -9.128298410523E-12  6.462442751056E-12  3.606081804484E-12 -1.568334709633E-10 -9.699120779620E-10 -4.681116502595E+01  3.071550049300E-03  7.256870577144E-01 -2.101388723594E-09 -1.087066562109E-08  3.415731886871E-10
 -1.910284587550E-12  1.181100543967E-12 -1.248832298409E-12  1.329882185444E-11 -1.141310442257E-09  7.467644072522E-12  3.071550049299E-03 -4.682157653789E+01  1.981298396373E-01 -8.469692347032E-09  2.913260681892E-09  7.178656582538E-11
  7.395900577604E-14  1.365142890269E-13  1.166739317714E-11 -1.084064669097E-13  1.558448019749E-10  8.233761051021E-12  7.256870577144E-01  1.981298396373E-01 -1.208872448390E-02  1.398485125402E-10 -2.478031975090E-10 -5.279094317423E-12
  5.347285243321E-11  3.517195278590E-11 -3.082858914811E-11 -5.639307849054E-11 -1.467747657797E-11  7.762085025036E-11 -2.101390768466E-09 -8.469677782972E-09  1.398492974145E-10 -7.469849924823E+03  1.578996608306E-01  6.664037952517E+01
 -1.779240972035E-11  1.987120225385E-11  5.709718909348E-12  2.394105795581E-11  2.200209672368E-13 -5.920705723399E-11 -1.087066490133E-08  2.913294324902E-09 -2.478035182557E-10  1.578996608306E-01 -7.470402506519E+03  1.769918112669E+01
 -4.348893772188E-13 -3.608628615538E-13  4.032112242691E-13  4.002013375736E-13 -3.164619228267E-12 -9.821381931942E-13  3.415730029301E-10  7.178658288161E-11 -5.279097569113E-12  6.664037952517E+01  1.769918112669E+01 -6.364556095064E-01
  0.42187913817558742     
 -8.532559213500E-19  8.773950071701E-21  1.571621970279E-12 -4.057417375072E-14  5.199614606094E-12  3.011831823222E-13 -1.955470807715E-12  8.443310025784E-13 -6.510608498836E-14  4.926389594312E-12  7.308115594330E-13 -5.039775539923E-13
  8.773950071701E-21 -1.151650468410E-18 -1.671575622671E-11 -2.422578440095E-11  2.818241032357E-12  4.954730945121E-13 -1.982426346694E-12  6.888226364949E-13 -6.481905163012E-14  6.144541112646E-12  3.930603544131E-12 -5.772608206707E-13
  1.571621970279E-12 -1.671575622671E-11 -2.892130883262E-03 -2.964164186360E-15  1.633405443106E-10 -5.974620050225E-10  1.407483745709E-12  7.077539142251E-14  1.673775549863E-12 -5.944252068713E-12 -2.664585171953E-12  7.629245307289E-13
 -4.057417375072E-14 -2.422578440095E-11 -2.964167049860E-15 -2.892130883272E-03 -5.721759180725E-10  1.878247540747E-11  3.435665713505E-12 -3.643841931116E-12  1.257983638263E-13 -9.382866279957E-12 -1.064070762175E-11  8.036808793600E-13
  5.199614606094E-12  2.818241032357E-12  1.633405444682E-10 -5.721759197278E-10 -2.836816481705E+00 -2.892052721879E-13 -1.618874323575E-10 -5.887645702296E-10 -3.140346017019E-10  1.494735318542E-12 -4.001335586234E-12  4.049380292847E-12
  3.011831823222E-13  4.954730945120E-13 -5.974620083596E-10  1.878247934177E-11 -2.891615786646E-13 -2.836816481704E+00 -2.086987890269E-10 -1.348621666011E-10 -5.876706039523E-12  1.352678675309E-11  4.760646524330E-12 -7.442456662946E-13
 -1.955470807715E-12 -1.982426346694E-12  1.407485638860E-12  3.435667302387E-12 -1.618876305589E-10 -2.086987496915E-10 -1.099059119562E+01 -2.354674715557E-03 -3.322789116418E-01 -3.464126674376E-10 -6.764226003191E-09  2.195294639231E-10
  8.443310025784E-13  6.888226364950E-13  7.077279895998E-14 -3.643837826202E-12 -5.887644717421E-10 -1.348617048399E-10 -2.354674715557E-03 -1.100008560575E+01  7.788025889713E-02 -5.295943098172E-09  1.092299898512E-09  5.400869311280E-10
 -6.510608498836E-14 -6.481905163012E-14  1.673775667010E-12  1.257983935543E-13 -3.140346036411E-10 -5.876705802588E-12 -3.322789116418E-01  7.788025889713E-02 -1.059819775427E-02 -1.059427066759E-10 -6.419659635225E-10  9.444835910191E-12
  4.926389594312E-12  6.144541112647E-12 -5.944252592715E-12 -9.382898702915E-12  1.495357393361E-12  1.352681203577E-11 -3.464122655288E-10 -5.295942572530E-09 -1.059427981091E-10 -6.776001875816E+02 -1.207402749818E+00  7.100825707797E+01
  7.308115594329E-13  3.930603544131E-12 -2.664609081518E-12 -1.064068663090E-11 -4.000613960854E-12  4.762064771262E-12 -6.764226096042E-09  1.092300890191E-09 -6.419659806418E-10 -1.207402749818E+00 -6.848477048103E+02 -1.151837670149E+01
 -5.039775539923E-13 -5.772608206708E-13  7.629220661081E-13  8.036817254921E-13  4.049310007339E-12 -7.442134122846E-13  2.195295779899E-10  5.400868277794E-10  9.444830790193E-12  7.100825707797E+01 -1.151837670149E+01 -7.639227158615E+00
  0.51866877890639285     
 -2.920045575518E-18 -1.882393956595E-20 -4.870545529332E-12 -1.954860257823E-13  1.106846444364E-12  2.668331728808E-13  5.272420476962E-13  5.866896331689E-13  4.676324263552E-14  9.824505293225E-12 -2.631485888431E-12 -6.494133103325E-13
 -1.882393956595E-20 -3.964792780908E-18 -9.411175501415E-11 -1.347785831512E-10  1.300563325996E-12  4.356083721828E-13  6.894706486550E-13 -4.366275050956E-14  4.770034180151E-14  1.083069998288E-11  5.131601028893E-12 -4.697307605766E-13
 -4.870545529332E-12 -9.411175501415E-11 -2.583382850606E-02 -2.388284703831E-15  1.186917966478E-10 -5.228451937279E-10 -3.693346261870E-13  4.755303694102E-13 -5.743237296629E-12 -7.198101872161E-12 -3.370948383267E-12  4.168671161687E-13
 -1.954860257823E-13 -1.347785831512E-10 -2.388357154726E-15 -2.583382850607E-02 -5.012581886648E-10 -1.390397794539E-11 -5.701317679661E-13 -2.358805012588E-12 -8.113330540223E-14 -9.141178019052E-12  3.993481457620E-12  6.117353252861E-13
  1.106846444364E-12  1.300563325996E-12  1.186917954088E-10 -5.012581884495E-10 -4.429111039963E-01  5.408947025903E-14  6.526162721099E-11  6.548892304437E-10 -2.270064655208E-10 -4.596113968441E-12  6.695648820299E-13  1.393415979036E-12
  2.668331728809E-13  4.356083721828E-13 -5.228451947740E-10 -1.390398054130E-11  5.407542752095E-14 -4.429111039961E-01  6.343971273515E-10 -3.401356518433E-11  3.033342537681E-11  2.725349595097E-11 -1.040900354107E-11 -1.887843367505E-12
  5.272420476962E-13  6.894706486550E-13 -3.693367347229E-13 -5.701311606886E-13  6.526162134381E-11  6.343971268538E-10 -5.995804903217E-01  6.983925844784E-04 -4.209972045150E-02 -9.511115476030E-10 -1.145818684661E-08 -4.230643256147E-10
  5.866896331688E-13 -4.366275050952E-14  4.755277075262E-13 -2.358809965816E-12  6.548892316972E-10 -3.401356094028E-11  6.983925844784E-04 -6.023723918003E-01 -9.943708880242E-03 -8.246438871853E-09  2.390794197754E-09  5.439943313273E-10
  4.676324263552E-14  4.770034180151E-14 -5.743237788458E-12 -8.113338419458E-14 -2.270064635831E-10  3.033342485090E-11 -4.209972045150E-02 -9.943708880242E-03 -3.121814003915E-03 -2.237545377398E-10 -6.810535324970E-10 -1.694673152827E-11
  9.824505293225E-12  1.083069998288E-11 -7.198082825918E-12 -9.141223530059E-12 -4.596080391373E-12  2.725386640566E-11 -9.511110474284E-10 -8.246439030535E-09 -2.237544791867E-10 -7.181943139037E+02 -1.273131210504E+00  4.153867451858E+01
 -2.631485888431E-12  5.131601028892E-12 -3.371035806242E-12  3.993474565689E-12  6.690987695976E-13 -1.040818809799E-11 -1.145818621552E-08  2.390793343471E-09 -6.810534909428E-10 -1.273131210504E+00 -7.199250464386E+02 -2.199149313401E+01
 -6.494133103325E-13 -4.697307605766E-13  4.168707005025E-13  6.117368963953E-13  1.393429111894E-12 -1.887835126979E-12 -4.230642802856E-10  5.439942982661E-10 -1.694673553799E-11  4.153867451858E+01 -2.199149313401E+01 -3.078780184433E+00
  0.62923387245886175     
 -9.265739788206E-18  9.210068452925E-21  1.041809052497E-12 -7.094995444416E-14 -5.439086889576E-14 -3.830004898172E-15  1.417605381390E-13 -4.773398447788E-14  1.007846168024E-14  7.883937616791E-12 -8.136966033045E-13 -4.518971292981E-13
  9.210068452924E-21 -1.259031177628E-17 -1.110320280448E-10 -1.583723988371E-10 -6.219211106740E-14 -2.840468000298E-15  2.071141060848E-13  9.156550707432E-15  9.934317117146E-15  7.106397065416E-12 -7.102483904685E-13 -4.064901273974E-13
  1.041809052497E-12 -1.110320280448E-10 -1.125188056645E-02  1.380190619031E-14 -1.605361552204E-11 -7.273268947072E-11 -2.124636783171E-13  1.324441487232E-13  9.764828379868E-13 -4.051664794552E-12  3.588959628371E-12  4.335972991892E-13
 -7.094995444415E-14 -1.583723988371E-10  1.380231673347E-14 -1.125188056647E-02 -8.377970557845E-11 -3.636509226320E-11 -1.341266227710E-13  3.472761748688E-14 -9.580304480749E-15 -9.588230398448E-12  1.599612795503E-12  5.439937089024E-13
 -5.439086889576E-14 -6.219211106741E-14 -1.605361587017E-11 -8.377970560464E-11 -1.241112514860E-03 -4.231239144130E-15  5.089188691379E-11  2.458476714818E-10  8.701193601409E-12 -7.744026741429E-12  6.547649211306E-12  6.172660168667E-13
 -3.830004898168E-15 -2.840468000298E-15 -7.273268946918E-11 -3.636509231257E-11 -4.231235194120E-15 -1.241112514857E-03  1.747851260377E-10  2.241451867406E-11  8.590257379699E-12  1.948981863083E-11 -5.105708948508E-12 -1.228514199212E-12
  1.417605381391E-13  2.071141060847E-13 -2.124638965386E-13 -1.341268329949E-13  5.089188632478E-11  1.747851259483E-10 -8.501085003235E-02 -2.604794952452E-04 -4.289957917872E-03 -2.270364068540E-09 -1.957699824532E-08 -6.873349063981E-10
 -4.773398447791E-14  9.156550707443E-15  1.324435266205E-13  3.472739510330E-14  2.458476715704E-10  2.241451935981E-11 -2.604794952452E-04 -8.491587449743E-02  5.142765090709E-03 -1.412619724272E-08  4.469519504580E-09  9.170497992817E-10
  1.007846168024E-14  9.934317117146E-15  9.764828854438E-13 -9.580469575049E-15  8.701193573514E-12  8.590257345488E-12 -4.289957917872E-03  5.142765090709E-03 -5.295456750646E-04 -4.998874717584E-10 -1.099500913294E-09 -1.799642046899E-11
  7.883937616791E-12  7.106397065417E-12 -4.051694752650E-12 -9.588211348048E-12 -7.743992729556E-12  1.948983693206E-11 -2.270364572079E-09 -1.412619715335E-08 -4.998875407494E-10 -6.458250756119E+02 -1.250481381908E+00  3.456089706389E+01
 -8.136966033044E-13 -7.102483904679E-13  3.588987028669E-12  1.599587865197E-12  6.547617255970E-12 -5.105706363146E-12 -1.957699821015E-08  4.469519753208E-09 -1.099500906322E-09 -1.250481381908E+00 -6.468326333118E+02 -2.333667342344E+01
 -4.518971292981E-13 -4.064901273974E-13  4.335931406035E-13  5.439945640869E-13  6.172677421143E-13 -1.228514103893E-12 -6.873349149345E-10  9.170497687093E-10 -1.799641986826E-11  3.456089706389E+01 -2.333667342344E+01 -2.696291390884E+00
  0.75449093081508067     
 -2.750905772560E-17  1.519649839296E-20  1.093043544212E-12 -7.731439801427E-14  7.457472672782E-13  1.470031090986E-13 -5.448196810286E-13 -1.007998164661E-13  1.435757850954E-14  4.103168472900E-12 -4.236186575018E-14 -3.864816584477E-13
  1.519649839296E-20 -3.740064579113E-17 -2.054046143297E-10 -2.921083668489E-10  1.340542232210E-12  1.482001638496E-14 -4.185341276552E-13  6.781108994970E-14  1.573609596106E-14  3.313448799441E-12  3.725821863026E-13 -3.149856194917E-13
  1.093043544212E-12 -2.054046143297E-10 -1.289139175651E-02  4.739919044776E-15  3.504680795720E-10 -1.468499021738E-09  4.212545956688E-13  1.365301028768E-13  9.534441473484E-13 -3.161601444454E-12  8.609218850739E-13  3.329622494650E-13
 -7.731439801423E-14 -2.921083668489E-10  4.740115652172E-15 -1.289139175654E-02 -1.395219702980E-09 -1.368080638776E-11  9.038896820610E-13  1.584058386704E-13 -2.335318302332E-14 -3.478545504314E-12  9.450862568225E-13  2.953033255006E-13
  7.457472672782E-13  1.340542232210E-12  3.504680734912E-10 -1.395219703072E-09 -4.079491755895E-01  1.267471366332E-13 -2.065321453244E-10 -2.864210285175E-10 -7.335796659116E-10 -2.953590134411E-12  5.687630771526E-13  1.519803135138E-12
  1.470031090987E-13  1.482001638492E-14 -1.468499023109E-09 -1.368080535201E-11  1.267476883530E-13 -4.079491755895E-01  3.055910707131E-10 -1.842999961159E-10  5.326784992945E-11  1.255876364565E-11 -1.638906095777E-12 -1.018531961031E-12
 -5.448196810287E-13 -4.185341276551E-13  4.212606857022E-13  9.038890626817E-13 -2.065321775270E-10  3.055910703835E-10 -4.105860274362E-01 -4.299194325302E-04  1.326771300889E-02 -1.537773563561E-09 -1.999771244815E-08  5.787268320125E-10
 -1.007998164660E-13  6.781108994975E-14  1.365332001139E-13  1.584067084805E-13 -2.864210268063E-10 -1.843000306789E-10 -4.299194325302E-04 -4.105845557288E-01 -1.329044157345E-02 -1.515597581634E-08  3.959996424789E-09  1.316992563712E-09
